1 2
1 3
1 4
1 5
1 7
1 8
1 9
1 10
1 11
1 12
1 13
1 14
1 16
1 17
1 19
1 21
1 22
1 23
1 24
1 25
1 26
1 28
1 29
1 30
1 31
1 32
2 3
2 4
2 5
2 6
2 7
2 8
2 9
2 10
2 11
2 12
2 13
2 14
2 15
2 16
2 17
2 19
2 20
2 21
2 22
2 23
2 24
2 25
2 26
2 28
2 29
2 30
2 31
2 32
3 4
3 5
3 6
3 7
3 8
3 9
3 13
3 14
3 16
3 17
3 19
3 20
3 21
3 23
3 24
3 25
3 26
3 28
3 29
3 31
3 32
4 5
4 6
4 7
4 8
4 9
4 10
4 11
4 12
4 13
4 14
4 15
4 16
4 19
4 20
4 21
4 22
4 23
4 24
4 25
4 28
4 29
4 30
4 31
5 6
5 7
5 8
5 10
5 11
5 12
5 13
5 14
5 16
5 17
5 19
5 20
5 21
5 23
5 25
5 28
5 29
5 31
5 32
6 7
6 8
6 9
6 10
6 12
6 13
6 14
6 16
6 17
6 19
6 20
6 21
6 22
6 23
6 24
6 25
6 26
6 28
6 29
6 30
6 31
6 32
7 8
7 9
7 11
7 13
7 14
7 16
7 17
7 19
7 21
7 23
7 24
7 25
7 26
7 27
7 28
7 29
7 31
7 32
8 9
8 10
8 11
8 12
8 13
8 14
8 15
8 16
8 17
8 19
8 20
8 21
8 22
8 24
8 26
8 29
9 13
9 16
9 17
9 19
9 20
9 21
9 22
9 24
9 25
9 26
9 28
9 29
9 30
9 31
9 32
10 11
10 12
10 14
10 15
10 16
10 17
10 19
10 20
10 21
10 22
10 24
10 25
10 26
10 28
10 29
10 30
10 31
11 12
11 16
11 19
11 21
11 23
11 24
11 25
11 29
11 31
12 13
12 14
12 16
12 17
12 19
12 20
12 21
12 23
12 24
12 25
12 26
12 27
12 28
12 29
12 31
12 32
13 14
13 16
13 17
13 19
13 20
13 21
13 22
13 23
13 24
13 29
13 30
14 16
14 17
14 19
14 22
14 23
14 25
14 26
14 28
14 31
15 16
15 19
15 24
15 26
15 28
15 29
15 31
16 17
16 19
16 20
16 21
16 22
16 24
16 26
16 28
16 29
16 30
16 31
17 19
17 20
17 21
17 22
17 23
17 24
17 26
17 28
17 29
17 30
18 22
19 20
19 21
19 22
19 24
19 25
19 26
19 29
19 30
19 32
20 21
20 22
20 24
20 25
20 26
20 29
20 30
21 22
21 23
21 24
21 29
21 30
21 31
21 32
22 24
22 30
23 24
23 26
23 29
23 31
24 26
24 28
24 29
24 30
24 31
25 28
25 31
26 28
26 29
26 30
26 31
28 29
28 31
28 32
29 30
29 32