1 1 0.003
1 19 0.003
1 38 0.003
2 2 0.003
2 3 0.003
2 4 0.003
2 5 0.003
2 8 0.003
2 34 0.003
2 35 0.003
2 36 0.003
2 37 0.003
3 1 0.003
3 21 0.003
4 1 0.003
4 11 0.003
4 40 0.003
5 1 0.003
5 9 10
5 15 10
5 16 10
6 1 10
6 17 10
6 22 10
6 6 10
6 7 10
6 10 10
6 22 10
7 5 10
7 31 10
8 5 10
8 18 10
8 32 10
9 1 10
9 13 10
9 33 10
10 4 10
10 14 10
10 27 10
11 5 10
12 3 10
13 1 10
13 24 10
13 39 10
14 8 10
15 9 10
15 28 10
16 4 10
17 4 10
18 5 10
19 7 10
20 0 10
20 30 10
21 1 10
22 2 10
23 5 10
24 29 10
24 1 10
25 12 10
25 26 10
26 1 10
27 24 10
28 9 10
29 14 10
30 23 10
31 19 10
32 6 10
33 7 10
34 8 10
35 1 10
36 1 10
37 1 10
38 1 10
39 0 10
40 12 10
41 3 10