1 2 999
2 3 999
3 4 999
4 5 999
4 6 999
4 7 999
3 8 999
8 9 999
3 10 999
2 11 999
11 12 999
11 13 999
13 14 999
13 15 999
13 16 999
13 17 999
13 18 999
11 19 999
11 20 999
11 21 999
11 22 999
11 23 999
11 24 999
24 25 999
25 26 999
25 27 999
24 28 999
28 29 999
28 30 999
2 31 999
31 32 999
32 33 999
32 34 999
32 35 999
31 36 999
36 37 999
31 38 999
2 39 999
39 40 999
39 41 999
39 42 999
1 43 999
43 44 999
43 45 999
43 46 999
43 47 999
43 48 999
1 49 999
49 50 999
50 51 999
51 52 999
52 53 999
53 54 999
54 55 999
53 56 999
56 57 999
51 58 999
58 59 999
59 60 999
50 61 999
61 62 999
62 63 999
61 64 999
61 65 999
50 66 999
66 67 999
67 68 999
66 69 999
69 70 999
49 71 999
71 72 999
72 73 999
72 74 999
74 75 999
72 76 999
76 77 999
77 78 999
77 79 999
77 80 999
76 81 999
76 82 999
76 83 999
83 84 999
83 85 999
71 86 999
86 87 999
86 88 999
88 89 999
88 90 999
90 91 999
90 92 999
88 93 999
93 94 999
93 95 999
95 96 999
93 97 999
97 98 999
98 99 999
86 100 999
100 101 999
86 102 999
71 103 999
103 104 999
103 105 999
71 106 999
106 107 999
106 108 999
108 109 999
109 110 999
108 111 999
108 112 999
108 113 999
108 114 999
114 115 999
115 116 999
114 117 999
117 118 999
71 119 999
119 120 999
120 121 999
120 122 999
120 123 999
120 124 999
124 125 999
124 126 999
124 127 999
119 128 999
128 129 999
128 130 999
119 131 999
131 132 999
131 133 999
131 134 999
134 135 999
134 136 999
136 137 999
119 138 999
138 139 999
71 140 999
140 141 999
141 142 999
142 143 999
142 144 999
142 145 999
71 146 999
146 147 999
147 148 999
148 149 999
148 150 999
147 151 999
151 152 999
151 153 999
153 154 999
153 155 999
147 156 999
147 157 999
147 158 999
49 159 999
159 160 999
160 161 999
159 162 999
162 163 999
163 164 999
163 165 999
165 166 999
165 167 999
165 168 999
168 169 999
162 170 999
159 171 999
1 172 999
172 173 999
173 174 999
174 175 999
175 176 999
174 177 999
173 178 999
178 179 999
178 180 999
173 181 999
172 182 999
172 183 999
172 184 999
1 185 999
185 186 999
186 187 999
187 188 999
187 189 999
187 190 999
185 191 999
185 192 999
192 193 999
192 194 999
192 195 999
195 196 999
192 197 999
1 198 999
198 199 999
199 200 999
1 201 999
201 202 999
201 203 999
201 204 999
1 205 999
205 206 999
206 207 999
207 208 999
208 209 999
208 210 999
207 211 999
207 212 999
207 213 999
207 214 999
206 215 999
215 216 999
216 217 999
216 218 999
218 219 999
216 220 999
220 221 999
220 222 999
215 223 999
206 224 999
224 225 999
224 226 999
224 227 999
206 228 999
228 229 999
228 230 999
228 231 999
228 232 999
206 233 999
233 234 999
233 235 999
233 236 999
233 237 999
233 238 999
233 239 999
205 240 999
240 241 999
205 242 999
242 243 999
242 244 999
242 245 999
242 246 999
246 247 999
205 248 999
248 249 999
205 250 999
1 251 999
251 252 999
252 253 999
253 254 999
254 255 999
254 256 999
254 257 999
257 258 999
257 259 999
254 260 999
260 261 999
260 262 999
260 263 999
253 264 999
264 265 999
265 266 999
265 267 999
265 268 999
265 269 999
269 270 999
269 271 999
271 272 999
269 273 999
265 274 999
265 275 999
265 276 999
265 277 999
265 278 999
265 279 999
264 280 999
264 281 999
281 282 999
282 283 999
281 284 999
264 285 999
252 286 999
286 287 999
287 288 999
287 289 999
286 290 999
290 291 999
286 292 999
286 293 999
286 294 999
286 295 999
295 296 999
295 297 999
297 298 999
297 299 999
297 300 999
297 301 999
286 302 999
251 303 999
303 304 999
304 305 999
304 306 999
306 307 999
306 308 999
304 309 999
304 310 999
310 311 999
310 312 999
310 313 999
310 314 999
310 315 999
304 316 999
316 317 999
316 318 999
304 319 999
319 320 999
320 321 999
319 322 999
319 323 999
319 324 999
303 325 999
325 326 999
326 327 999
326 328 999
328 329 999
326 330 999
325 331 999
251 332 999
332 333 999
332 334 999
334 335 999
334 336 999
334 337 999
334 338 999
251 339 999
339 340 999
340 341 999
341 342 999
342 343 999
343 344 999
344 345 999
345 346 999
344 347 999
344 348 999
340 349 999
340 350 999
340 351 999
351 352 999
352 353 999
352 354 999
352 355 999
340 356 999
339 357 999
251 358 999
251 359 999
359 360 999
359 361 999
361 362 999
361 363 999
251 364 999
364 365 999
365 366 999
366 367 999
367 368 999
367 369 999
366 370 999
370 371 999
370 372 999
366 373 999
373 374 999
373 375 999
366 376 999
366 377 999
377 378 999
377 379 999
365 380 999
380 381 999
380 382 999
380 383 999
380 384 999
365 385 999
385 386 999
364 387 999
387 388 999
388 389 999
388 390 999
388 391 999
387 392 999
392 393 999
392 394 999
387 395 999
395 396 999
395 397 999
387 398 999
251 399 999
251 400 999
400 401 999
401 402 999
402 403 999
403 404 999
403 405 999
402 406 999
402 407 999
407 408 999
407 409 999
402 410 999
410 411 999
410 412 999
410 413 999
402 414 999
414 415 999
414 416 999
414 417 999
400 418 999
400 419 999
400 420 999
400 421 999
400 422 999
400 423 999
400 424 999
400 425 999
400 426 999
400 427 999
251 428 999
428 429 999
429 430 999
428 431 999
431 432 999
431 433 999
431 434 999
431 435 999
435 436 999
435 437 999
251 438 999
438 439 999
251 440 999
440 441 999
441 442 999
441 443 999
443 444 999
443 445 999
440 446 999
446 447 999
440 448 999
448 449 999
440 450 999
450 451 999
440 452 999
452 453 999
251 454 999
251 455 999
455 456 999
456 457 999
457 458 999
458 459 999
458 460 999
458 461 999
458 462 999
462 463 999
458 464 999
458 465 999
458 466 999
458 467 999
467 468 999
458 469 999
458 470 999
456 471 999
456 472 999
456 473 999
456 474 999
456 475 999
456 476 999
456 477 999
456 478 999
456 479 999
456 480 999
456 481 999
456 482 999
455 483 999
483 484 999
483 485 999
251 486 999
486 487 999
487 488 999
488 489 999
489 490 999
490 491 999
489 492 999
489 493 999
493 494 999
493 495 999
486 496 999
496 497 999
496 498 999
486 499 999
499 500 999
499 501 999
486 502 999
502 503 999
502 504 999
1 505 999
505 506 999
506 507 999
507 508 999
508 509 999
508 510 999
507 511 999
511 512 999
511 513 999
506 514 999
514 515 999
515 516 999
516 517 999
514 518 999
518 519 999
505 520 999
520 521 999
521 522 999
521 523 999
521 524 999
505 525 999
525 526 999
526 527 999
526 528 999
505 529 999
529 530 999
530 531 999
531 532 999
532 533 999
531 534 999
534 535 999
535 536 999
531 537 999
531 538 999
538 539 999
539 540 999
531 541 999
541 542 999
541 543 999
530 544 999
529 545 999
545 546 999
505 547 999
547 548 999
548 549 999
548 550 999
548 551 999
548 552 999
552 553 999
547 554 999
554 555 999
554 556 999
554 557 999
557 558 999
505 559 999
559 560 999
1 561 999
1 562 999
562 563 999
563 564 999
563 565 999
565 566 999
565 567 999
562 568 999
562 569 999
569 570 999
562 571 999
562 572 999
572 573 999
562 574 999
562 575 999
575 576 999
575 577 999
562 578 999
1 579 999
579 580 999
580 581 999
580 582 999
580 583 999
579 584 999
584 585 999
585 586 999
586 587 999
586 588 999
586 589 999
585 590 999
585 591 999
584 592 999
592 593 999
592 594 999
594 595 999
594 596 999
594 597 999
592 598 999
592 599 999
584 600 999
600 601 999
600 602 999
600 603 999
579 604 999
604 605 999
604 606 999
604 607 999
607 608 999
607 609 999
604 610 999
610 611 999
610 612 999
604 613 999
613 614 999
579 615 999
579 616 999
616 617 999
617 618 999
617 619 999
616 620 999
616 621 999
621 622 999
621 623 999
623 624 999
623 625 999
623 626 999
579 627 999
627 628 999
627 629 999
627 630 999
579 631 999
631 632 999
632 633 999
631 634 999
634 635 999
634 636 999
579 637 999
637 638 999
637 639 999
579 640 999
640 641 999
640 642 999
640 643 999
579 644 999
644 645 999
644 646 999
579 647 999
647 648 999
647 649 999
647 650 999
579 651 999
651 652 999
651 653 999
651 654 999
651 655 999
651 656 999
579 657 999
657 658 999
658 659 999
659 660 999
659 661 999
659 662 999
662 663 999
659 664 999
659 665 999
659 666 999
658 667 999
658 668 999
657 669 999
657 670 999
670 671 999
657 672 999
579 673 999
673 674 999
579 675 999
1 676 999
676 677 999
677 678 999
677 679 999
679 680 999
677 681 999
681 682 999
681 683 999
677 684 999
676 685 999
676 686 999
686 687 999
686 688 999
688 689 999
688 690 999
688 691 999
686 692 999
686 693 999
686 694 999
694 695 999
695 696 999
695 697 999
694 698 999
686 699 999
699 700 999
686 701 999
701 702 999
701 703 999
676 704 999
704 705 999
704 706 999
704 707 999
676 708 999
676 709 999
709 710 999
709 711 999
709 712 999
676 713 999
713 714 999
1 715 999
715 716 999
716 717 999
717 718 999
717 719 999
717 720 999
717 721 999
716 722 999
722 723 999
723 724 999
723 725 999
722 726 999
722 727 999
716 728 999
728 729 999
728 730 999
730 731 999
730 732 999
716 733 999
733 734 999
733 735 999
733 736 999
736 737 999
736 738 999
736 739 999
736 740 999
716 741 999
716 742 999
716 743 999
715 744 999
744 745 999
745 746 999
745 747 999
747 748 999
748 749 999
748 750 999
748 751 999
748 752 999
752 753 999
752 754 999
752 755 999
755 756 999
756 757 999
755 758 999
755 759 999
745 760 999
760 761 999
761 762 999
762 763 999
762 764 999
762 765 999
762 766 999
745 767 999
745 768 999
768 769 999
769 770 999
770 771 999
770 772 999
769 773 999
745 774 999
745 775 999
775 776 999
775 777 999
777 778 999
745 779 999
779 780 999
779 781 999
744 782 999
782 783 999
783 784 999
784 785 999
785 786 999
784 787 999
783 788 999
782 789 999
782 790 999
782 791 999
744 792 999
792 793 999
792 794 999
794 795 999
794 796 999
794 797 999
794 798 999
744 799 999
744 800 999
800 801 999
800 802 999
800 803 999
800 804 999
800 805 999
744 806 999
806 807 999
806 808 999
744 809 999
809 810 999
810 811 999
810 812 999
809 813 999
813 814 999
813 815 999
809 816 999
809 817 999
809 818 999
818 819 999
744 820 999
820 821 999
820 822 999
820 823 999
744 824 999
824 825 999
744 826 999
826 827 999
826 828 999
826 829 999
826 830 999
715 831 999
831 832 999
832 833 999
833 834 999
832 835 999
835 836 999
832 837 999
837 838 999
831 839 999
839 840 999
839 841 999
839 842 999
842 843 999
839 844 999
844 845 999
839 846 999
839 847 999
831 848 999
831 849 999
1 850 999
850 851 999
1 852 999
852 853 999
853 854 999
852 855 999
855 856 999
852 857 999
857 858 999
858 859 999
858 860 999
852 861 999
861 862 999
862 863 999
863 864 999
863 865 999
863 866 999
866 867 999
862 868 999
868 869 999
861 870 999
870 871 999
852 872 999
852 873 999
1 874 999
874 875 999
875 876 999
875 877 999
877 878 999
878 879 999
875 880 999
880 881 999
880 882 999
880 883 999
880 884 999
875 885 999
875 886 999
875 887 999
875 888 999
874 889 999
889 890 999
889 891 999
889 892 999
889 893 999
889 894 999
889 895 999
889 896 999
889 897 999
889 898 999
889 899 999
889 900 999
889 901 999
874 902 999
902 903 999
903 904 999
903 905 999
903 906 999
906 907 999
906 908 999
906 909 999
903 910 999
902 911 999
911 912 999
912 913 999
913 914 999
911 915 999
911 916 999
916 917 999
917 918 999
917 919 999
917 920 999
917 921 999
917 922 999
917 923 999
917 924 999
916 925 999
916 926 999
911 927 999
927 928 999
927 929 999
911 930 999
930 931 999
902 932 999
932 933 999
932 934 999
932 935 999
932 936 999
932 937 999
902 938 999
902 939 999
939 940 999
902 941 999
941 942 999
942 943 999
942 944 999
942 945 999
941 946 999
902 947 999
947 948 999
947 949 999
947 950 999
947 951 999
947 952 999
947 953 999
902 954 999
954 955 999
955 956 999
955 957 999
955 958 999
955 959 999
955 960 999
955 961 999
955 962 999
955 963 999
955 964 999
955 965 999
955 966 999
955 967 999
955 968 999
955 969 999
955 970 999
955 971 999
955 972 999
955 973 999
954 974 999
974 975 999
974 976 999
974 977 999
974 978 999
974 979 999
974 980 999
974 981 999
974 982 999
974 983 999
974 984 999
902 985 999
985 986 999
985 987 999
902 988 999
988 989 999
988 990 999
988 991 999
988 992 999
988 993 999
988 994 999
988 995 999
988 996 999
988 997 999
902 998 999
998 999 999
998 1000 999
902 1001 999
874 1002 999
1002 1003 999
1003 1004 999
1003 1005 999
1003 1006 999
1006 1007 999
1003 1008 999
1002 1009 999
1009 1010 999
1002 1011 999
1002 1012 999
1002 1013 999
1002 1014 999
1002 1015 999
874 1016 999
1016 1017 999
1017 1018 999
1017 1019 999
1017 1020 999
1017 1021 999
874 1022 999
1022 1023 999
1023 1024 999
1024 1025 999
1023 1026 999
1023 1027 999
1022 1028 999
1028 1029 999
1028 1030 999
1028 1031 999
1031 1032 999
1031 1033 999
874 1034 999
1034 1035 999
1035 1036 999
1035 1037 999
1035 1038 999
1034 1039 999
1039 1040 999
1039 1041 999
1039 1042 999
1034 1043 999
1034 1044 999
874 1045 999
874 1046 999
1046 1047 999
1047 1048 999
1046 1049 999
1046 1050 999
1046 1051 999
1046 1052 999
1046 1053 999
1046 1054 999
1046 1055 999
1046 1056 999
1046 1057 999
1046 1058 999
1058 1059 999
1058 1060 999
1058 1061 999
1046 1062 999
1046 1063 999
1063 1064 999
1063 1065 999
1065 1066 999
1063 1067 999
1046 1068 999
1046 1069 999
1069 1070 999
1069 1071 999
1071 1072 999
874 1073 999
1073 1074 999
1073 1075 999
874 1076 999
1076 1077 999
1077 1078 999
1078 1079 999
1079 1080 999
1078 1081 999
1081 1082 999
1081 1083 999
1078 1084 999
1078 1085 999
1078 1086 999
1078 1087 999
1077 1088 999
1077 1089 999
1077 1090 999
1090 1091 999
1090 1092 999
1077 1093 999
1076 1094 999
1094 1095 999
1095 1096 999
1094 1097 999
1094 1098 999
1094 1099 999
1094 1100 999
1100 1101 999
1094 1102 999
1102 1103 999
1103 1104 999
1103 1105 999
1103 1106 999
874 1107 999
1107 1108 999
874 1109 999
1109 1110 999
1109 1111 999
874 1112 999
1112 1113 999
1112 1114 999
874 1115 999
874 1116 999
1 1117 999
1117 1118 999
1118 1119 999
1119 1120 999
1120 1121 999
1120 1122 999
1120 1123 999
1119 1124 999
1118 1125 999
1117 1126 999
1126 1127 999
1127 1128 999
1128 1129 999
1128 1130 999
1128 1131 999
1127 1132 999
1127 1133 999
1126 1134 999
1134 1135 999
1134 1136 999
1134 1137 999
1126 1138 999
1138 1139 999
1139 1140 999
1140 1141 999
1140 1142 999
1140 1143 999
1140 1144 999
1138 1145 999
1145 1146 999
1146 1147 999
1138 1148 999
1148 1149 999
1149 1150 999
1148 1151 999
1151 1152 999
1151 1153 999
1151 1154 999
1126 1155 999
1155 1156 999
1126 1157 999
1157 1158 999
1158 1159 999
1158 1160 999
1158 1161 999
1117 1162 999
1117 1163 999
1163 1164 999
1163 1165 999
1163 1166 999
1163 1167 999
1167 1168 999
1167 1169 999
1163 1170 999
1170 1171 999
1117 1172 999
1117 1173 999
1173 1174 999
1174 1175 999
1173 1176 999
1176 1177 999
1173 1178 999
1178 1179 999
1 1180 999
1180 1181 999
1180 1182 999
1 1183 999
1183 1184 999
1184 1185 999
1183 1186 999
1186 1187 999
1186 1188 999
1188 1189 999
1188 1190 999
1188 1191 999
1188 1192 999
1188 1193 999
1188 1194 999
1194 1195 999
1194 1196 999
1194 1197 999
1186 1198 999
1198 1199 999
1199 1200 999
1199 1201 999
1198 1202 999
1202 1203 999
1186 1204 999
1204 1205 999
1186 1206 999
1206 1207 999
1207 1208 999
1208 1209 999
1209 1210 999
1209 1211 999
1208 1212 999
1212 1213 999
1206 1214 999
1214 1215 999
1215 1216 999
1214 1217 999
1206 1218 999
1218 1219 999
1218 1220 999
1220 1221 999
1221 1222 999
1221 1223 999
1220 1224 999
1220 1225 999
1220 1226 999
1226 1227 999
1206 1228 999
1228 1229 999
1229 1230 999
1229 1231 999
1228 1232 999
1206 1233 999
1233 1234 999
1233 1235 999
1235 1236 999
1236 1237 999
1237 1238 999
1236 1239 999
1233 1240 999
1183 1241 999
1241 1242 999
1241 1243 999
1241 1244 999
1244 1245 999
1245 1246 999
1244 1247 999
1244 1248 999
1244 1249 999
1241 1250 999
1241 1251 999
1251 1252 999
1251 1253 999
1251 1254 999
1251 1255 999
1251 1256 999
1251 1257 999
1 1258 999
1258 1259 999
1259 1260 999
1259 1261 999
1259 1262 999
1259 1263 999
1259 1264 999
1 1265 999
1265 1266 999
1266 1267 999
1267 1268 999
1268 1269 999
1268 1270 999
1267 1271 999
1271 1272 999
1271 1273 999
1273 1274 999
1274 1275 999
1275 1276 999
1275 1277 999
1277 1278 999
1277 1279 999
1279 1280 999
1280 1281 999
1279 1282 999
1277 1283 999
1283 1284 999
1283 1285 999
1274 1286 999
1273 1287 999
1267 1288 999
1266 1289 999
1265 1290 999
1290 1291 999
1290 1292 999
1292 1293 999
1292 1294 999
1294 1295 999
1294 1296 999
1294 1297 999
1292 1298 999
1292 1299 999
1299 1300 999
1299 1301 999
1292 1302 999
1292 1303 999
1303 1304 999
1303 1305 999
1292 1306 999
1290 1307 999
1307 1308 999
1308 1309 999
1308 1310 999
1307 1311 999
1311 1312 999
1312 1313 999
1312 1314 999
1311 1315 999
1311 1316 999
1316 1317 999
1316 1318 999
1307 1319 999
1307 1320 999
1307 1321 999
1307 1322 999
1307 1323 999
1307 1324 999
1265 1325 999
1325 1326 999
1265 1327 999
1327 1328 999
1328 1329 999
1328 1330 999
1265 1331 999
1331 1332 999
1265 1333 999
1333 1334 999
1333 1335 999
1333 1336 999
1333 1337 999
1333 1338 999
1333 1339 999
1265 1340 999
1340 1341 999
1340 1342 999
1340 1343 999
1340 1344 999
1265 1345 999
1345 1346 999
1265 1347 999
1265 1348 999
1348 1349 999
1349 1350 999
1349 1351 999
1349 1352 999
1348 1353 999
1353 1354 999
1353 1355 999
1348 1356 999
1348 1357 999
1265 1358 999
1358 1359 999
1359 1360 999
1360 1361 999
1361 1362 999
1361 1363 999
1361 1364 999
1361 1365 999
1361 1366 999
1361 1367 999
1360 1368 999
1368 1369 999
1368 1370 999
1368 1371 999
1368 1372 999
1368 1373 999
1360 1374 999
1360 1375 999
1375 1376 999
1375 1377 999
1360 1378 999
1378 1379 999
1378 1380 999
1360 1381 999
1360 1382 999
1360 1383 999
1360 1384 999
1359 1385 999
1385 1386 999
1385 1387 999
1359 1388 999
1358 1389 999
1389 1390 999
1389 1391 999
1389 1392 999
1389 1393 999
1389 1394 999
1389 1395 999
1395 1396 999
1395 1397 999
1389 1398 999
1358 1399 999
1399 1400 999
1399 1401 999
1401 1402 999
1402 1403 999
1403 1404 999
1401 1405 999
1399 1406 999
1358 1407 999
1407 1408 999
1265 1409 999
1409 1410 999
1409 1411 999
1411 1412 999
1409 1413 999
1413 1414 999
1414 1415 999
1414 1416 999
1414 1417 999
1413 1418 999
1265 1419 999
1265 1420 999
1420 1421 999
1421 1422 999
1421 1423 999
1265 1424 999
1424 1425 999
1265 1426 999
1 1427 999
1427 1428 999
1428 1429 999
1428 1430 999
1427 1431 999
1431 1432 999
1432 1433 999
1432 1434 999
1432 1435 999
1432 1436 999
1432 1437 999
1432 1438 999
1438 1439 999
1432 1440 999
1432 1441 999
1432 1442 999
1432 1443 999
1431 1444 999
1444 1445 999
1445 1446 999
1444 1447 999
1444 1448 999
1444 1449 999
1444 1450 999
1444 1451 999
1451 1452 999
1452 1453 999
1452 1454 999
1444 1455 999
1444 1456 999
1444 1457 999
1457 1458 999
1457 1459 999
1431 1460 999
1460 1461 999
1460 1462 999
1460 1463 999
1460 1464 999
1427 1465 999
1465 1466 999
1465 1467 999
1465 1468 999
1427 1469 999
1469 1470 999
1427 1471 999
1471 1472 999
1471 1473 999
1471 1474 999
1474 1475 999
